78 50 57 77 80 68 72 53 69 82 686
84 48 87 65 57 79 49 50 82 53 654
55 56 67 57 86 82 83 51 53 56 646
70 57 55 54 48 72 81 48 55 79 619
49 51 82 75 55 73 65 67 53 89 659
82 80 82 48 71 73 51 48 90 57 682
51 53 57 55 74 56 85 57 56 48 592
49 71 52 49 57 49 85 89 74 70 645
74 57 49 54 80 80 49 88 75 57 663
77 77 76 49 77 88 53 49 85 86 717
669 600 664 583 685 720 673 600 692 677 6563